	00.971
	00.993
	00.964
	00.964
	00.954
	00.944
	00.944
	00.944
	00.945
	00.945
	00.825
	00.824
	00.820
	00.824
	00.826
	00.825
	00.814
	00.806
	00.825
	00.823
	00.840
	00.796
	00.827
	00.813
	00.821
	00.808
	00.810
	00.809
	00.813
	00.810
	00.918
	00.892
	00.895
	00.894
	00.890
	00.888
	00.881
	00.880
	00.899
	00.890
	00.680
	00.667
	00.665
	00.680
	00.691
	00.681
	00.677
	00.671
	00.674
	00.670
	00.680
	00.663
	00.665
	00.664
	00.672
	00.673
	00.674
	00.689
	00.676
	00.674
	00.682
	00.667
	00.686
	00.674
	00.670
	00.679
	00.679
	00.669
	00.675
	00.668
	00.684
	00.690
	00.681
	00.672
	00.680
	00.676
	00.671
	00.668
	00.666
	00.663
	00.684
	00.669
	00.861
	00.663
	00.688
	00.664
	00.664
	00.679
	00.698
	00.677
	00.681
	00.664
	00.667
	00.662
	00.682
	00.689
	00.681
	00.674
	00.686
	00.675
	00.680
	00.677
	00.693
	00.676
	00.670
	00.672
	00.671
	00.675
	00.665
	00.666
	00.695
	00.665
	00.681
	00.664
	00.665
	00.669
	00.665
	00.678
	00.662
	00.695
	00.685
	00.661
	00.664
	00.665
	00.668
	00.668
	00.674
	00.689
	00.682
	00.668
	00.684
	00.707
	00.663
	00.684
	00.672
	00.673
	00.678
	00.677
	00.678
	00.675
	02.001
	02.066
	02.057
	02.062
	02.031
	01.912
	01.883
	01.915
	01.910
	01.907
